0 0.8842899190581309 0.37086092715231783 0.2228354181996565 0.16556291390728475
0 0.5154831984302182 0.5281456953642384 0.11987981358842276 0.1721854304635761
0 0.28277532499386804 0.48675496688741726 0.10577630610743192 0.0794701986754967
0 0.11635393671817511 0.4652317880794702 0.08603139563404462 0.11589403973509932
0 0.6522872209958303 0.271523178807947 0.0719278881530537 0.12251655629139073
0 0.9435553102771645 0.13162251655629137 0.11288937944567096 0.11754966887417219
0 0.6882511650723571 0.6009933774834437 0.10436595535933285 0.13245033112582788
0 0.783449840569046 0.6043046357615894 0.060645082168260984 0.10927152317880796
0 0.8659553593328426 0.6730132450331127 0.05923473142016178 0.044701986754966894
0 0.19321805248957566 0.6788079470198676 0.02820701496198186 0.06622516556291387
0 0.29053225410841305 0.6564569536423841 0.062055432916360086 0.05463576158940398
0 0.4216948736816286 0.6299668874172185 0.0507726269315674 0.08774834437086099
0 0.1191746382143733 0.5869205298013245 0.06628648516065735 0.07450331125827817
0 0.06910718665685552 0.21937086092715233 0.06769683590875643 0.05463576158940398
0 0.832812116752514 0.5306291390728477 0.06628648516065738 0.03807947019867548
0 0.9167279862644101 0.5985099337748345 0.06487613441255831 0.07450331125827817
