0 0.35011175496688746 0.8667218543046357 0.04184602649006621 0.07119205298013241
0 0.702548289183223 0.9072847682119206 0.053004966887417314 0.05960264900662253
0 0.6439638520971304 0.5562913907284769 0.0530049668874171 0.14569536423841056
0 0.2919922737306843 0.5 0.03905629139072847 0.04304635761589409
0 0.2785085540838852 0.40066225165562913 0.0437058498896247 0.05629139072847686
0 0.258980408388521 0.29801324503311255 0.02882726269315672 0.02980132450331123
0 0.22968818984547462 0.23758278145695363 0.016738410596026477 0.021523178807947012
0 0.09624586092715233 0.34354304635761584 0.028827262693156736 0.041390728476821154
0 0.1390217991169978 0.1870860927152318 0.021387969094922746 0.04966887417218544
0 0.8708623068432673 0.8236754966887417 0.07904249448123622 0.10761589403973516
0 0.5686410044150111 0.9362582781456953 0.0864817880794702 0.07781456953642377
0 0.5900289735099338 0.2715231788079471 0.02138796909492264 0.0331125827814569
0 0.5026172737306844 0.19784768211920528 0.02882726269315661 0.02483443708609272
0 0.3747544150110375 0.13741721854304637 0.12460816777041941 0.04304635761589406
0 0.9517646247240619 0.581953642384106 0.08834161147902876 0.15397350993377487
0 0.721146523178808 0.48509933774834435 0.03626655629139066 0.04966887417218551
0 0.7629925496688742 0.39652317880794696 0.06044426048565128 0.04139072847682122
0 0.6876697019867549 0.2152317880794702 0.030687086092715248 0.05298013245033115
0 0.7574130794701988 0.13410596026490065 0.034406732891832235 0.05960264900662251
0 0.7295157284768211 0.22847682119205298 0.04742549668874162 0.07284768211920528
0 0.8652828366445917 0.3766556291390728 0.056724613686534295 0.07781456953642384
0 0.9764072847682119 0.19536423841059603 0.02603752759381905 0.04635761589403973
0 0.8425 0.16225165562913907 0.033476821192052884 0.02980132450331123
0 0.8466846026490067 0.11506622516556292 0.028827262693156684 0.034768211920529805
0 0.5877041942604857 0.1117549668874172 0.05393487858719652 0.04139072847682121
0 0.6434988962472407 0.17549668874172186 0.027897350993377545 0.033112582781456956
0 0.6793004966887417 0.11589403973509933 0.023247792494481275 0.04966887417218544
0 0.12042356512141282 0.6862582781456953 0.041846026490066225 0.18377483443708598
0 0.25991032008830023 0.8112582781456953 0.06788355408388522 0.1258278145695364
0 0.35383140176600447 0.544701986754967 0.023247792494481202 0.05629139072847693
0 0.4379884105960265 0.8857615894039735 0.024177704194260484 0.04966887417218544
0 0.6602373068432672 0.7682119205298014 0.04091611479028685 0.06291390728476813
0 0.6025827814569538 0.3832781456953643 0.046495584988962405 0.07781456953642384
0 0.7364900662251657 0.662251655629139 0.052075055187637956 0.09602649006622521
0 0.8578435430463577 0.29221854304635764 0.07532284768211923 0.061258278145695365
