0 0.08127262693156734 0.16639072847682118 0.05094701986754968 0.05463576158940398
0 0.2674718543046357 0.10182119205298011 0.04245584988962474 0.07450331125827814
0 0.2893062913907285 0.17632450331125826 0.04245584988962474 0.04139072847682122
0 0.40272406181015447 0.3162251655629139 0.02911258278145695 0.05960264900662246
0 0.3827091611479028 0.4221854304635761 0.04488189845474615 0.06622516556291394
0 0.3633007726269315 0.6192052980132451 0.05216004415011035 0.03973509933774842
0 0.7029475717439294 0.27897350993377484 0.06186423841059607 0.05132450331125828
0 0.650787527593819 0.4122516556291391 0.0667163355408389 0.033112582781456935
0 0.4645883002207505 0.3824503311258278 0.036390728476821226 0.04966887417218544
0 0.03517770419426048 0.5786423841059603 0.0388167770419426 0.04801324503311257
0 0.057618653421633546 0.8195364238410596 0.05943818984547461 0.04635761589403984
0 0.1504150110375276 0.7516556291390728 0.04366887417218544 0.05629139072847678
0 0.01880187637969095 0.7334437086092714 0.023047461368653422 0.059602649006622384
0 0.5446479028697572 0.7814569536423841 0.06307726269315672 0.03973509933774835
0 0.6665568432671083 0.6647350993377483 0.040029801324503324 0.05463576158940391
0 0.8309216335540839 0.5562913907284768 0.07278145695364259 0.02649006622516559
0 0.8054481236203092 0.37003311258278143 0.04852097130242825 0.044701986754966894
0 0.781187637969095 0.28725165562913907 0.046094922737306664 0.05132450331125828
0 0.9431263796909493 0.36092715231788075 0.027899558498896228 0.08278145695364238
0 0.9546501103752759 0.2359271523178808 0.033964679911699706 0.05794701986754966
0 0.9900618101545254 0.27483443708609273 0.019876379690949193 0.04966887417218544
0 0.9918813465783666 0.5 0.016237306843267022 0.04966887417218544
0 0.8794424852572906 0.7715231003418654 0.03639072847682115 0.04966887417218544
0 0.7872526955956469 0.8278144574420213 0.03639072847682115 0.04966887417218544
0 0.7557141200620385 0.02814560568871638 0.03639072847682115 0.049668874172185434
0 0.030325607064017657 0.38741721854304634 0.03639072847682119 0.04966887417218544
0 0.9609492273730684 0.7897350993377483 0.07810154525386309 0.11258278145695372
0 0.561630242825607 0.521523178807947 0.036390728476821226 0.04966887417218544
0 0.5446479028697572 0.33774834437086093 0.036390728476821226 0.04966887417218544
0 0.2608002207505519 0.46192052980132453 0.03639072847682119 0.04966887417218544
