0 0.6737176399759182 0.22516556291390727 0.11347983142685138 0.11258278145695363
0 0.14818482841661648 0.10099337748344371 0.07822396146899457 0.08940397350993377
0 0.22200180614087897 0.3410596026490066 0.04957856712823599 0.07615894039735104
0 0.08758880192655027 0.6225165562913907 0.0848344370860927 0.10264900662251662
0 0.04737507525586995 0.7764900662251655 0.06390126429861528 0.08278145695364231
0 0.27213124623720647 0.8096026490066225 0.06169777242624924 0.07615894039735097
0 0.38781456953642374 0.6456953642384106 0.0705117399157134 0.09933774834437081
0 0.4864208308248044 0.8998344370860927 0.13771824202287783 0.15066225165562913
0 0.6180794701986755 0.6754966887417219 0.07051173991571331 0.13245033112582774
0 0.698506923540036 0.7822847682119206 0.07932570740517761 0.08443708609271525
0 0.768467790487658 0.6829470198675497 0.0694099939795305 0.07450331125827817
0 0.8411830222757375 0.5182119205298013 0.06500301023479835 0.11589403973509932
0 0.49743829018663455 0.4031456953642384 0.12009030704394945 0.07450331125827817
0 0.4528175797712221 0.21192052980132453 0.09034316676700783 0.0794701986754967
0 0.35972004816375674 0.49586092715231783 0.056189042745334136 0.09437086092715226
